RMSE: 469.6277245219932
Coefficients: [-0.5332211073808785,0.8765986256665953,0.6537858726095964,6.899293866698914e-11]
Intercept: -6.92308998021024
Batch: 0
